[hand_eye_calibration]
x = 0.054736972959311896
y = -0.0279385861921521
z = 0.055109748831240486
qx = -0.00239672763975996
qy = 0.0005872618457891603
qz = 0.7063804159783345
qw = 0.7078280997123669

