[hand_eye_calibration]
x = 0.0613076538277
y = -0.0403578930441
z = 0.0496731254405
qx = -0.000305313767562
qy = 0.0037194219928
qz = 0.706095997055
qw = 0.708106288368

