[hand_eye_calibration]
x = -0.03906196793121891
y = 1.0343297681083363
z = 0.677872542943713
qx = -0.013181659999509576
qy = 0.9138199585337139
qz = -0.4036527842113786
qw = 0.04270546830911816

