[hand_eye_calibration]
x = -0.0534616218654
y = 0.743559951624
z = 0.846284487227
qx = 0.00875509077606
qy = 0.999951627142
qz = 0.00368750530391
qw = 0.00254834586613

