[hand_eye_calibration]
x = 0.0586521660408
y = -0.0359427731616
z = 0.0486405366738
qx = 0.000158816716351
qy = 0.00655932724781
qz = 0.700352067567
qw = 0.713767421124

