[hand_eye_calibration]
x = 0.06338184612074364
y = -0.03888940645627483
z = 0.027589651626836142
qx = 0.022611141201262452
qy = 0.005051505118123276
qz = 0.7101928755247625
qw = 0.70362582253886

