[hand_eye_calibration]
x = 0.039177938695806366
y = -0.023458583504042486
z = -0.005851392423017655
qw = 0.7074980352167954
qx = 0.0034691237133769163
qy = -0.004681624033615596
qz = 0.7066912888535157

