[hand_eye_calibration]
x = 0.05755901113661919
y = -0.03781942605100823
z = 0.039743552744869425
qx = 0.004764370879135186
qy = 0.009313390484965677
qz = 0.7024633068933346
qw = 0.7116430734548614

