[hand_eye_calibration]
x = 0.405554809955
y = 0.644160903753
z = -0.0837064163137
qw = 0.512339115079
qx = -0.487124067086
qy = -0.492784091713
qz = 0.507328900597

