[hand_eye_calibration]
x = 0.022032539886557546
y = 0.4963210219137992
z = -0.22634406250869363
qw = 0.18002104144540465
qx = 0.12874895862953428
qy = -0.15389250678574184
qz = 0.9629814259080611

