[hand_eye_calibration]
x = 0.03492529100256836
y = -0.031151116056468066
z = -0.003137587516007383
qw = 0.7132338569227821
qx = 0.0034424011429461964
qy = -0.002473139087263753
qz = 0.7009133318724068

