[hand_eye_calibration]
x = 0.05258615289050898
y = -0.028581044838362855
z = -0.009259097936727356
qw = 0.720604163040684
qx = 0.004789974418520985
qy = -0.00263080199368305
qz = 0.6933251583740311

