[hand_eye_calibration]
x = 244.33684378332666
y = -0.21555756378215116
z = -0.10066110739493006
qw = 0.5399775011955285
qx = -0.5879592644416605
qy = -0.5004915879231245
qz = 0.33501697267160063

