[hand_eye_calibration]
x = 240.35707838653403
y = -0.8291015478675141
z = -0.5260993862324266
qw = 0.4384050120009974
qx = -0.5093426301074621
qy = -0.4277369676152043
qz = 0.6044933557475781

