[hand_eye_calibration]
x = -0.09044363281654491
y = 30.823110171736207
z = -0.5304382179912615
qw = 0.49200506602348526
qx = 0.289026595908067
qy = -0.1561492833282992
qz = 0.8062332436591034

