[hand_eye_calibration]
x = 0.0357793374632
y = -0.701027389472
z = 0.512103477123
qw = 0.00118757628737
qx = -0.999949169235
qy = 0.00987916552368
qz = 0.00162809601083

