[hand_eye_calibration]
x = 0.0354310117239
y = -0.680549196647
z = 0.520959056691
qw = 0.0252088137473
qx = 0.999666514109
qy = 0.00223381041583
qz = -0.00513676639865

